
cmin(pF) : 
 - Mean:   	131.90648389216832
 - Median:   	132.03064918
 - Stdev:   	1.6211869730026767
 - Points:   	101/104
 - Method:   	f-spread
